2025/06/22-15:03:52.365723 aa28 RocksDB version: 5.18.4
2025/06/22-15:03:52.365818 aa28 Git sha rocksdb_build_git_sha:@b9a4a10659969c71e6f6eab4e4bae8c36ede919f@
2025/06/22-15:03:52.365829 aa28 Compile date Mar 11 2020
2025/06/22-15:03:52.365836 aa28 DB SUMMARY
2025/06/22-15:03:52.365920 aa28 CURRENT file:  CURRENT
2025/06/22-15:03:52.365928 aa28 IDENTITY file:  IDENTITY
2025/06/22-15:03:52.365939 aa28 MANIFEST file:  MANIFEST-000007 size: 228 Bytes
2025/06/22-15:03:52.365946 aa28 SST files in D:\code\IdeaProject\Learning\nacos\data\protocol\raft\naming_instance_metadata\log dir, Total Num: 2, files: 000006.sst 000008.sst 
2025/06/22-15:03:52.365952 aa28 Write Ahead Log file in D:\code\IdeaProject\Learning\nacos\data\protocol\raft\naming_instance_metadata\log: 000009.log size: 409 ; 
2025/06/22-15:03:52.366150 aa28                         Options.error_if_exists: 0
2025/06/22-15:03:52.366158 aa28                       Options.create_if_missing: 1
2025/06/22-15:03:52.366160 aa28                         Options.paranoid_checks: 1
2025/06/22-15:03:52.366162 aa28                                     Options.env: 000000002291AD90
2025/06/22-15:03:52.366164 aa28                                Options.info_log: 00000000307E07C0
2025/06/22-15:03:52.366166 aa28                Options.max_file_opening_threads: 16
2025/06/22-15:03:52.366168 aa28                              Options.statistics: 0000000030812EF0
2025/06/22-15:03:52.366170 aa28                               Options.use_fsync: 0
2025/06/22-15:03:52.366172 aa28                       Options.max_log_file_size: 0
2025/06/22-15:03:52.366173 aa28                  Options.max_manifest_file_size: 1073741824
2025/06/22-15:03:52.366175 aa28                   Options.log_file_time_to_roll: 0
2025/06/22-15:03:52.366177 aa28                       Options.keep_log_file_num: 1000
2025/06/22-15:03:52.366179 aa28                    Options.recycle_log_file_num: 0
2025/06/22-15:03:52.366181 aa28                         Options.allow_fallocate: 1
2025/06/22-15:03:52.366183 aa28                        Options.allow_mmap_reads: 0
2025/06/22-15:03:52.366184 aa28                       Options.allow_mmap_writes: 0
2025/06/22-15:03:52.366186 aa28                        Options.use_direct_reads: 0
2025/06/22-15:03:52.366188 aa28                        Options.use_direct_io_for_flush_and_compaction: 0
2025/06/22-15:03:52.366189 aa28          Options.create_missing_column_families: 1
2025/06/22-15:03:52.366191 aa28                              Options.db_log_dir: 
2025/06/22-15:03:52.366193 aa28                                 Options.wal_dir: D:\code\IdeaProject\Learning\nacos\data\protocol\raft\naming_instance_metadata\log
2025/06/22-15:03:52.366195 aa28                Options.table_cache_numshardbits: 6
2025/06/22-15:03:52.366196 aa28                      Options.max_subcompactions: 1
2025/06/22-15:03:52.366198 aa28                  Options.max_background_flushes: 1
2025/06/22-15:03:52.366200 aa28                         Options.WAL_ttl_seconds: 0
2025/06/22-15:03:52.366202 aa28                       Options.WAL_size_limit_MB: 0
2025/06/22-15:03:52.366203 aa28             Options.manifest_preallocation_size: 4194304
2025/06/22-15:03:52.366205 aa28                     Options.is_fd_close_on_exec: 1
2025/06/22-15:03:52.366207 aa28                   Options.advise_random_on_open: 1
2025/06/22-15:03:52.366208 aa28                    Options.db_write_buffer_size: 0
2025/06/22-15:03:52.366210 aa28                    Options.write_buffer_manager: 00000000308205E0
2025/06/22-15:03:52.366212 aa28         Options.access_hint_on_compaction_start: 1
2025/06/22-15:03:52.366214 aa28  Options.new_table_reader_for_compaction_inputs: 0
2025/06/22-15:03:52.366216 aa28           Options.random_access_max_buffer_size: 1048576
2025/06/22-15:03:52.366217 aa28                      Options.use_adaptive_mutex: 0
2025/06/22-15:03:52.366219 aa28                            Options.rate_limiter: 0000000000000000
2025/06/22-15:03:52.366221 aa28     Options.sst_file_manager.rate_bytes_per_sec: 0
2025/06/22-15:03:52.366223 aa28                       Options.wal_recovery_mode: 2
2025/06/22-15:03:52.366245 aa28                  Options.enable_thread_tracking: 0
2025/06/22-15:03:52.366249 aa28                  Options.enable_pipelined_write: 0
2025/06/22-15:03:52.366251 aa28         Options.allow_concurrent_memtable_write: 1
2025/06/22-15:03:52.366253 aa28      Options.enable_write_thread_adaptive_yield: 1
2025/06/22-15:03:52.366254 aa28             Options.write_thread_max_yield_usec: 100
2025/06/22-15:03:52.366256 aa28            Options.write_thread_slow_yield_usec: 3
2025/06/22-15:03:52.366258 aa28                               Options.row_cache: None
2025/06/22-15:03:52.366260 aa28                              Options.wal_filter: None
2025/06/22-15:03:52.366261 aa28             Options.avoid_flush_during_recovery: 0
2025/06/22-15:03:52.366263 aa28             Options.allow_ingest_behind: 0
2025/06/22-15:03:52.366265 aa28             Options.preserve_deletes: 0
2025/06/22-15:03:52.366266 aa28             Options.two_write_queues: 0
2025/06/22-15:03:52.366268 aa28             Options.manual_wal_flush: 0
2025/06/22-15:03:52.366270 aa28             Options.max_background_jobs: 2
2025/06/22-15:03:52.366271 aa28             Options.max_background_compactions: 4
2025/06/22-15:03:52.366273 aa28             Options.avoid_flush_during_shutdown: 0
2025/06/22-15:03:52.366275 aa28           Options.writable_file_max_buffer_size: 1048576
2025/06/22-15:03:52.366277 aa28             Options.delayed_write_rate : 16777216
2025/06/22-15:03:52.366278 aa28             Options.max_total_wal_size: 0
2025/06/22-15:03:52.366280 aa28             Options.delete_obsolete_files_period_micros: 21600000000
2025/06/22-15:03:52.366282 aa28                   Options.stats_dump_period_sec: 600
2025/06/22-15:03:52.366283 aa28                          Options.max_open_files: -1
2025/06/22-15:03:52.366285 aa28                          Options.bytes_per_sync: 0
2025/06/22-15:03:52.366287 aa28                      Options.wal_bytes_per_sync: 0
2025/06/22-15:03:52.366289 aa28       Options.compaction_readahead_size: 0
2025/06/22-15:03:52.366291 aa28 Compression algorithms supported:
2025/06/22-15:03:52.366293 aa28 	kZSTD supported: 1
2025/06/22-15:03:52.366295 aa28 	kSnappyCompression supported: 1
2025/06/22-15:03:52.366297 aa28 	kBZip2Compression supported: 0
2025/06/22-15:03:52.366299 aa28 	kZlibCompression supported: 1
2025/06/22-15:03:52.366301 aa28 	kLZ4Compression supported: 1
2025/06/22-15:03:52.366303 aa28 	kXpressCompression supported: 0
2025/06/22-15:03:52.366304 aa28 	kLZ4HCCompression supported: 1
2025/06/22-15:03:52.366306 aa28 	kZSTDNotFinalCompression supported: 1
2025/06/22-15:03:52.366312 aa28 Fast CRC32 supported: Supported on x86
2025/06/22-15:03:52.366794 aa28 [db\version_set.cc:3508] Recovering from manifest file: MANIFEST-000007
2025/06/22-15:03:52.366876 aa28 [db\column_family.cc:474] --------------- Options for column family [default]:
2025/06/22-15:03:52.366881 aa28               Options.comparator: leveldb.BytewiseComparator
2025/06/22-15:03:52.366884 aa28           Options.merge_operator: StringAppendOperator
2025/06/22-15:03:52.366886 aa28        Options.compaction_filter: None
2025/06/22-15:03:52.366888 aa28        Options.compaction_filter_factory: None
2025/06/22-15:03:52.366890 aa28         Options.memtable_factory: SkipListFactory
2025/06/22-15:03:52.366892 aa28            Options.table_factory: BlockBasedTable
2025/06/22-15:03:52.366922 aa28            table_factory options:   flush_block_policy_factory: FlushBlockBySizePolicyFactory (0000000030817110)
  cache_index_and_filter_blocks: 0
  cache_index_and_filter_blocks_with_high_priority: 1
  pin_l0_filter_and_index_blocks_in_cache: 1
  pin_top_level_index_and_filter: 1
  index_type: 2
  hash_index_allow_collision: 1
  checksum: 1
  no_block_cache: 0
  block_cache: 000000003081BCD0
  block_cache_name: LRUCache
  block_cache_options:
    capacity : 536870912
    num_shard_bits : 8
    strict_capacity_limit : 0
    memory_allocator : None
    high_pri_pool_ratio: 0.000
  block_cache_compressed: 0000000000000000
  persistent_cache: 0000000000000000
  block_size: 4096
  block_size_deviation: 10
  block_restart_interval: 16
  index_block_restart_interval: 1
  metadata_block_size: 8192
  partition_filters: 1
  use_delta_encoding: 1
  filter_policy: nullptr
  whole_key_filtering: 1
  verify_compression: 0
  read_amp_bytes_per_bit: 0
  format_version: 0
  enable_index_compression: 1
  block_align: 0
2025/06/22-15:03:52.366944 aa28        Options.write_buffer_size: 67108864
2025/06/22-15:03:52.366947 aa28  Options.max_write_buffer_number: 3
2025/06/22-15:03:52.366949 aa28          Options.compression: Snappy
2025/06/22-15:03:52.366951 aa28                  Options.bottommost_compression: Disabled
2025/06/22-15:03:52.366953 aa28       Options.prefix_extractor: rocksdb.FixedPrefix.8
2025/06/22-15:03:52.366955 aa28   Options.memtable_insert_with_hint_prefix_extractor: nullptr
2025/06/22-15:03:52.366957 aa28             Options.num_levels: 7
2025/06/22-15:03:52.366958 aa28        Options.min_write_buffer_number_to_merge: 1
2025/06/22-15:03:52.366960 aa28     Options.max_write_buffer_number_to_maintain: 0
2025/06/22-15:03:52.366962 aa28            Options.bottommost_compression_opts.window_bits: -14
2025/06/22-15:03:52.366964 aa28                  Options.bottommost_compression_opts.level: 32767
2025/06/22-15:03:52.366965 aa28               Options.bottommost_compression_opts.strategy: 0
2025/06/22-15:03:52.366967 aa28         Options.bottommost_compression_opts.max_dict_bytes: 0
2025/06/22-15:03:52.366969 aa28         Options.bottommost_compression_opts.zstd_max_train_bytes: 0
2025/06/22-15:03:52.366970 aa28                  Options.bottommost_compression_opts.enabled: false
2025/06/22-15:03:52.366972 aa28            Options.compression_opts.window_bits: -14
2025/06/22-15:03:52.366974 aa28                  Options.compression_opts.level: 32767
2025/06/22-15:03:52.366976 aa28               Options.compression_opts.strategy: 0
2025/06/22-15:03:52.366977 aa28         Options.compression_opts.max_dict_bytes: 0
2025/06/22-15:03:52.366979 aa28         Options.compression_opts.zstd_max_train_bytes: 0
2025/06/22-15:03:52.366981 aa28                  Options.compression_opts.enabled: false
2025/06/22-15:03:52.366982 aa28      Options.level0_file_num_compaction_trigger: 10
2025/06/22-15:03:52.366984 aa28          Options.level0_slowdown_writes_trigger: 20
2025/06/22-15:03:52.366986 aa28              Options.level0_stop_writes_trigger: 40
2025/06/22-15:03:52.366987 aa28                   Options.target_file_size_base: 67108864
2025/06/22-15:03:52.366989 aa28             Options.target_file_size_multiplier: 1
2025/06/22-15:03:52.366991 aa28                Options.max_bytes_for_level_base: 536870912
2025/06/22-15:03:52.366993 aa28 Options.level_compaction_dynamic_level_bytes: 0
2025/06/22-15:03:52.366994 aa28          Options.max_bytes_for_level_multiplier: 10.000000
2025/06/22-15:03:52.366997 aa28 Options.max_bytes_for_level_multiplier_addtl[0]: 1
2025/06/22-15:03:52.366999 aa28 Options.max_bytes_for_level_multiplier_addtl[1]: 1
2025/06/22-15:03:52.367001 aa28 Options.max_bytes_for_level_multiplier_addtl[2]: 1
2025/06/22-15:03:52.367003 aa28 Options.max_bytes_for_level_multiplier_addtl[3]: 1
2025/06/22-15:03:52.367005 aa28 Options.max_bytes_for_level_multiplier_addtl[4]: 1
2025/06/22-15:03:52.367006 aa28 Options.max_bytes_for_level_multiplier_addtl[5]: 1
2025/06/22-15:03:52.367009 aa28 Options.max_bytes_for_level_multiplier_addtl[6]: 1
2025/06/22-15:03:52.367010 aa28       Options.max_sequential_skip_in_iterations: 8
2025/06/22-15:03:52.367013 aa28                    Options.max_compaction_bytes: 1677721600
2025/06/22-15:03:52.367014 aa28                        Options.arena_block_size: 8388608
2025/06/22-15:03:52.367016 aa28   Options.soft_pending_compaction_bytes_limit: 68719476736
2025/06/22-15:03:52.367018 aa28   Options.hard_pending_compaction_bytes_limit: 274877906944
2025/06/22-15:03:52.367019 aa28       Options.rate_limit_delay_max_milliseconds: 100
2025/06/22-15:03:52.367021 aa28                Options.disable_auto_compactions: 0
2025/06/22-15:03:52.367025 aa28                        Options.compaction_style: kCompactionStyleLevel
2025/06/22-15:03:52.367028 aa28                          Options.compaction_pri: kByCompensatedSize
2025/06/22-15:03:52.367030 aa28 Options.compaction_options_universal.size_ratio: 1
2025/06/22-15:03:52.367032 aa28 Options.compaction_options_universal.min_merge_width: 2
2025/06/22-15:03:52.367033 aa28 Options.compaction_options_universal.max_merge_width: 4294967295
2025/06/22-15:03:52.367035 aa28 Options.compaction_options_universal.max_size_amplification_percent: 200
2025/06/22-15:03:52.367037 aa28 Options.compaction_options_universal.compression_size_percent: -1
2025/06/22-15:03:52.367039 aa28 Options.compaction_options_universal.stop_style: kCompactionStopStyleTotalSize
2025/06/22-15:03:52.367041 aa28 Options.compaction_options_fifo.max_table_files_size: 1073741824
2025/06/22-15:03:52.367043 aa28 Options.compaction_options_fifo.allow_compaction: 0
2025/06/22-15:03:52.367045 aa28 Options.compaction_options_fifo.ttl: 0
2025/06/22-15:03:52.367046 aa28                   Options.table_properties_collectors: 
2025/06/22-15:03:52.367048 aa28                   Options.inplace_update_support: 0
2025/06/22-15:03:52.367050 aa28                 Options.inplace_update_num_locks: 10000
2025/06/22-15:03:52.367051 aa28               Options.memtable_prefix_bloom_size_ratio: 0.125000
2025/06/22-15:03:52.367054 aa28   Options.memtable_huge_page_size: 0
2025/06/22-15:03:52.367056 aa28                           Options.bloom_locality: 0
2025/06/22-15:03:52.367057 aa28                    Options.max_successive_merges: 0
2025/06/22-15:03:52.367059 aa28                Options.optimize_filters_for_hits: 0
2025/06/22-15:03:52.367061 aa28                Options.paranoid_file_checks: 0
2025/06/22-15:03:52.367062 aa28                Options.force_consistency_checks: 1
2025/06/22-15:03:52.367064 aa28                Options.report_bg_io_stats: 0
2025/06/22-15:03:52.367066 aa28                               Options.ttl: 0
2025/06/22-15:03:52.369358 aa28 [db\column_family.cc:474] --------------- Options for column family [Configuration]:
2025/06/22-15:03:52.369373 aa28               Options.comparator: leveldb.BytewiseComparator
2025/06/22-15:03:52.369376 aa28           Options.merge_operator: StringAppendOperator
2025/06/22-15:03:52.369378 aa28        Options.compaction_filter: None
2025/06/22-15:03:52.369379 aa28        Options.compaction_filter_factory: None
2025/06/22-15:03:52.369381 aa28         Options.memtable_factory: SkipListFactory
2025/06/22-15:03:52.369383 aa28            Options.table_factory: BlockBasedTable
2025/06/22-15:03:52.369413 aa28            table_factory options:   flush_block_policy_factory: FlushBlockBySizePolicyFactory (0000000030817110)
  cache_index_and_filter_blocks: 0
  cache_index_and_filter_blocks_with_high_priority: 1
  pin_l0_filter_and_index_blocks_in_cache: 1
  pin_top_level_index_and_filter: 1
  index_type: 2
  hash_index_allow_collision: 1
  checksum: 1
  no_block_cache: 0
  block_cache: 000000003081BCD0
  block_cache_name: LRUCache
  block_cache_options:
    capacity : 536870912
    num_shard_bits : 8
    strict_capacity_limit : 0
    memory_allocator : None
    high_pri_pool_ratio: 0.000
  block_cache_compressed: 0000000000000000
  persistent_cache: 0000000000000000
  block_size: 4096
  block_size_deviation: 10
  block_restart_interval: 16
  index_block_restart_interval: 1
  metadata_block_size: 8192
  partition_filters: 1
  use_delta_encoding: 1
  filter_policy: nullptr
  whole_key_filtering: 1
  verify_compression: 0
  read_amp_bytes_per_bit: 0
  format_version: 0
  enable_index_compression: 1
  block_align: 0
2025/06/22-15:03:52.369416 aa28        Options.write_buffer_size: 67108864
2025/06/22-15:03:52.369418 aa28  Options.max_write_buffer_number: 3
2025/06/22-15:03:52.369420 aa28          Options.compression: Snappy
2025/06/22-15:03:52.369422 aa28                  Options.bottommost_compression: Disabled
2025/06/22-15:03:52.369424 aa28       Options.prefix_extractor: rocksdb.FixedPrefix.8
2025/06/22-15:03:52.369427 aa28   Options.memtable_insert_with_hint_prefix_extractor: nullptr
2025/06/22-15:03:52.369473 aa28             Options.num_levels: 7
2025/06/22-15:03:52.369476 aa28        Options.min_write_buffer_number_to_merge: 1
2025/06/22-15:03:52.369478 aa28     Options.max_write_buffer_number_to_maintain: 0
2025/06/22-15:03:52.369480 aa28            Options.bottommost_compression_opts.window_bits: -14
2025/06/22-15:03:52.369482 aa28                  Options.bottommost_compression_opts.level: 32767
2025/06/22-15:03:52.369483 aa28               Options.bottommost_compression_opts.strategy: 0
2025/06/22-15:03:52.369485 aa28         Options.bottommost_compression_opts.max_dict_bytes: 0
2025/06/22-15:03:52.369487 aa28         Options.bottommost_compression_opts.zstd_max_train_bytes: 0
2025/06/22-15:03:52.369489 aa28                  Options.bottommost_compression_opts.enabled: false
2025/06/22-15:03:52.369490 aa28            Options.compression_opts.window_bits: -14
2025/06/22-15:03:52.369492 aa28                  Options.compression_opts.level: 32767
2025/06/22-15:03:52.369494 aa28               Options.compression_opts.strategy: 0
2025/06/22-15:03:52.369495 aa28         Options.compression_opts.max_dict_bytes: 0
2025/06/22-15:03:52.369497 aa28         Options.compression_opts.zstd_max_train_bytes: 0
2025/06/22-15:03:52.369499 aa28                  Options.compression_opts.enabled: false
2025/06/22-15:03:52.369500 aa28      Options.level0_file_num_compaction_trigger: 10
2025/06/22-15:03:52.369502 aa28          Options.level0_slowdown_writes_trigger: 20
2025/06/22-15:03:52.369504 aa28              Options.level0_stop_writes_trigger: 40
2025/06/22-15:03:52.369505 aa28                   Options.target_file_size_base: 67108864
2025/06/22-15:03:52.369507 aa28             Options.target_file_size_multiplier: 1
2025/06/22-15:03:52.369509 aa28                Options.max_bytes_for_level_base: 536870912
2025/06/22-15:03:52.369511 aa28 Options.level_compaction_dynamic_level_bytes: 0
2025/06/22-15:03:52.369512 aa28          Options.max_bytes_for_level_multiplier: 10.000000
2025/06/22-15:03:52.369515 aa28 Options.max_bytes_for_level_multiplier_addtl[0]: 1
2025/06/22-15:03:52.369517 aa28 Options.max_bytes_for_level_multiplier_addtl[1]: 1
2025/06/22-15:03:52.369519 aa28 Options.max_bytes_for_level_multiplier_addtl[2]: 1
2025/06/22-15:03:52.369521 aa28 Options.max_bytes_for_level_multiplier_addtl[3]: 1
2025/06/22-15:03:52.369522 aa28 Options.max_bytes_for_level_multiplier_addtl[4]: 1
2025/06/22-15:03:52.369524 aa28 Options.max_bytes_for_level_multiplier_addtl[5]: 1
2025/06/22-15:03:52.369526 aa28 Options.max_bytes_for_level_multiplier_addtl[6]: 1
2025/06/22-15:03:52.369527 aa28       Options.max_sequential_skip_in_iterations: 8
2025/06/22-15:03:52.369529 aa28                    Options.max_compaction_bytes: 1677721600
2025/06/22-15:03:52.369531 aa28                        Options.arena_block_size: 8388608
2025/06/22-15:03:52.369533 aa28   Options.soft_pending_compaction_bytes_limit: 68719476736
2025/06/22-15:03:52.369534 aa28   Options.hard_pending_compaction_bytes_limit: 274877906944
2025/06/22-15:03:52.369536 aa28       Options.rate_limit_delay_max_milliseconds: 100
2025/06/22-15:03:52.369538 aa28                Options.disable_auto_compactions: 0
2025/06/22-15:03:52.369541 aa28                        Options.compaction_style: kCompactionStyleLevel
2025/06/22-15:03:52.369543 aa28                          Options.compaction_pri: kByCompensatedSize
2025/06/22-15:03:52.369545 aa28 Options.compaction_options_universal.size_ratio: 1
2025/06/22-15:03:52.369547 aa28 Options.compaction_options_universal.min_merge_width: 2
2025/06/22-15:03:52.369549 aa28 Options.compaction_options_universal.max_merge_width: 4294967295
2025/06/22-15:03:52.369550 aa28 Options.compaction_options_universal.max_size_amplification_percent: 200
2025/06/22-15:03:52.369552 aa28 Options.compaction_options_universal.compression_size_percent: -1
2025/06/22-15:03:52.369554 aa28 Options.compaction_options_universal.stop_style: kCompactionStopStyleTotalSize
2025/06/22-15:03:52.369556 aa28 Options.compaction_options_fifo.max_table_files_size: 1073741824
2025/06/22-15:03:52.369559 aa28 Options.compaction_options_fifo.allow_compaction: 0
2025/06/22-15:03:52.369561 aa28 Options.compaction_options_fifo.ttl: 0
2025/06/22-15:03:52.369563 aa28                   Options.table_properties_collectors: 
2025/06/22-15:03:52.369565 aa28                   Options.inplace_update_support: 0
2025/06/22-15:03:52.369567 aa28                 Options.inplace_update_num_locks: 10000
2025/06/22-15:03:52.369568 aa28               Options.memtable_prefix_bloom_size_ratio: 0.125000
2025/06/22-15:03:52.369571 aa28   Options.memtable_huge_page_size: 0
2025/06/22-15:03:52.369572 aa28                           Options.bloom_locality: 0
2025/06/22-15:03:52.369574 aa28                    Options.max_successive_merges: 0
2025/06/22-15:03:52.369576 aa28                Options.optimize_filters_for_hits: 0
2025/06/22-15:03:52.369578 aa28                Options.paranoid_file_checks: 0
2025/06/22-15:03:52.369579 aa28                Options.force_consistency_checks: 1
2025/06/22-15:03:52.369581 aa28                Options.report_bg_io_stats: 0
2025/06/22-15:03:52.369583 aa28                               Options.ttl: 0
2025/06/22-15:03:52.373820 aa28 [db\version_set.cc:3724] Recovered from manifest file:D:\code\IdeaProject\Learning\nacos\data\protocol\raft\naming_instance_metadata\log/MANIFEST-000007 succeeded,manifest_file_number is 7, next_file_number is 10, last_sequence is 2, log_number is 0,prev_log_number is 0,max_column_family is 1,min_log_number_to_keep is 0
2025/06/22-15:03:52.373840 aa28 [db\version_set.cc:3732] Column family [default] (ID 0), log number is 4
2025/06/22-15:03:52.373843 aa28 [db\version_set.cc:3732] Column family [Configuration] (ID 1), log number is 4
2025/06/22-15:03:52.374072 aa28 EVENT_LOG_v1 {"time_micros": 1750575832374063, "job": 1, "event": "recovery_started", "log_files": [9]}
2025/06/22-15:03:52.374080 aa28 [db\db_impl_open.cc:578] Recovering log #9 mode 2
2025/06/22-15:03:52.377122 aa28 EVENT_LOG_v1 {"time_micros": 1750575832377108, "cf_name": "default", "job": 1, "event": "table_file_creation", "file_number": 10, "file_size": 716, "table_properties": {"data_size": 0, "index_size": 13, "filter_size": 0, "raw_key_size": 16, "raw_average_key_size": 0, "raw_value_size": 8, "raw_average_value_size": 0, "num_data_blocks": 0, "num_entries": 0, "filter_policy_name": ""}}
2025/06/22-15:03:52.379308 aa28 [db\version_set.cc:3037] Creating manifest 11
2025/06/22-15:03:52.390999 aa28 EVENT_LOG_v1 {"time_micros": 1750575832390983, "cf_name": "Configuration", "job": 1, "event": "table_file_creation", "file_number": 12, "file_size": 846, "table_properties": {"data_size": 44, "index_size": 49, "filter_size": 0, "raw_key_size": 42, "raw_average_key_size": 42, "raw_value_size": 16, "raw_average_value_size": 16, "num_data_blocks": 1, "num_entries": 1, "filter_policy_name": ""}}
2025/06/22-15:03:52.393864 aa28 EVENT_LOG_v1 {"time_micros": 1750575832393855, "job": 1, "event": "recovery_finished"}
2025/06/22-15:03:52.409018 aa28 [db\db_impl_open.cc:1314] DB pointer 000000003082E5E0
2025/06/22-15:03:52.409349 13704 [WARN] [db\db_impl.cc:669] ------- DUMPING STATS -------
2025/06/22-15:03:52.409362 13704 [WARN] [db\db_impl.cc:670] 
** DB Stats **
Uptime(secs): 0.0 total, 0.0 interval
Cumulative writes: 0 writes, 0 keys, 0 commit groups, 0.0 writes per commit group, ingest: 0.00 GB, 0.00 MB/s
Cumulative WAL: 0 writes, 0 syncs, 0.00 writes per sync, written: 0.00 GB, 0.00 MB/s
Cumulative stall: 00:00:0.000 H:M:S, 0.0 percent
Interval writes: 0 writes, 0 keys, 0 commit groups, 0.0 writes per commit group, ingest: 0.00 MB, 0.00 MB/s
Interval WAL: 0 writes, 0 syncs, 0.00 writes per sync, written: 0.00 MB, 0.00 MB/s
Interval stall: 00:00:0.000 H:M:S, 0.0 percent

** Compaction Stats [default] **
Level    Files   Size     Score Read(GB)  Rn(GB) Rnp1(GB) Write(GB) Wnew(GB) Moved(GB) W-Amp Rd(MB/s) Wr(MB/s) Comp(sec) Comp(cnt) Avg(sec) KeyIn KeyDrop
----------------------------------------------------------------------------------------------------------------------------------------------------------
  L0      2/0    1.47 KB   0.2      0.0     0.0      0.0       0.0      0.0       0.0   1.0      0.0      0.2         0         1    0.003       0      0
 Sum      2/0    1.47 KB   0.0      0.0     0.0      0.0       0.0      0.0       0.0   1.0      0.0      0.2         0         1    0.003       0      0
 Int      0/0    0.00 KB   0.0      0.0     0.0      0.0       0.0      0.0       0.0   1.0      0.0      0.2         0         1    0.003       0      0
Uptime(secs): 0.0 total, 0.0 interval
Flush(GB): cumulative 0.000, interval 0.000
AddFile(GB): cumulative 0.000, interval 0.000
AddFile(Total Files): cumulative 0, interval 0
AddFile(L0 Files): cumulative 0, interval 0
AddFile(Keys): cumulative 0, interval 0
Cumulative compaction: 0.00 GB write, 0.02 MB/s write, 0.00 GB read, 0.00 MB/s read, 0.0 seconds
Interval compaction: 0.00 GB write, 0.02 MB/s write, 0.00 GB read, 0.00 MB/s read, 0.0 seconds
Stalls(count): 0 level0_slowdown, 0 level0_slowdown_with_compaction, 0 level0_numfiles, 0 level0_numfiles_with_compaction, 0 stop for pending_compaction_bytes, 0 slowdown for pending_compaction_bytes, 0 memtable_compaction, 0 memtable_slowdown, interval 0 total count

** File Read Latency Histogram By Level [default] **
** Level 0 read latency histogram (micros):
Count: 10 Average: 7.8000  StdDev: 8.68
Min: 1  Median: 4.0000  Max: 31
Percentiles: P50: 4.00 P75: 9.00 P99: 31.00 P99.9: 31.00 P99.99: 31.00
------------------------------------------------------
[       0,       1 ]        2  20.000%  20.000% ####
(       1,       2 ]        1  10.000%  30.000% ##
(       2,       3 ]        1  10.000%  40.000% ##
(       3,       4 ]        1  10.000%  50.000% ##
(       4,       6 ]        1  10.000%  60.000% ##
(       6,      10 ]        2  20.000%  80.000% ####
(      10,      15 ]        1  10.000%  90.000% ##
(      22,      34 ]        1  10.000% 100.000% ##


** Compaction Stats [Configuration] **
Level    Files   Size     Score Read(GB)  Rn(GB) Rnp1(GB) Write(GB) Wnew(GB) Moved(GB) W-Amp Rd(MB/s) Wr(MB/s) Comp(sec) Comp(cnt) Avg(sec) KeyIn KeyDrop
----------------------------------------------------------------------------------------------------------------------------------------------------------
  L0      2/0    1.61 KB   0.2      0.0     0.0      0.0       0.0      0.0       0.0   1.0      0.0      0.1         0         1    0.010       0      0
 Sum      2/0    1.61 KB   0.0      0.0     0.0      0.0       0.0      0.0       0.0   1.0      0.0      0.1         0         1    0.010       0      0
 Int      0/0    0.00 KB   0.0      0.0     0.0      0.0       0.0      0.0       0.0   1.0      0.0      0.1         0         1    0.010       0      0
Uptime(secs): 0.0 total, 0.0 interval
Flush(GB): cumulative 0.000, interval 0.000
AddFile(GB): cumulative 0.000, interval 0.000
AddFile(Total Files): cumulative 0, interval 0
AddFile(L0 Files): cumulative 0, interval 0
AddFile(Keys): cumulative 0, interval 0
Cumulative compaction: 0.00 GB write, 0.02 MB/s write, 0.00 GB read, 0.00 MB/s read, 0.0 seconds
Interval compaction: 0.00 GB write, 0.02 MB/s write, 0.00 GB read, 0.00 MB/s read, 0.0 seconds
Stalls(count): 0 level0_slowdown, 0 level0_slowdown_with_compaction, 0 level0_numfiles, 0 level0_numfiles_with_compaction, 0 stop for pending_compaction_bytes, 0 slowdown for pending_compaction_bytes, 0 memtable_compaction, 0 memtable_slowdown, interval 0 total count

** File Read Latency Histogram By Level [Configuration] **
** Level 0 read latency histogram (micros):
Count: 13 Average: 6.9231  StdDev: 8.18
Min: 1  Median: 3.5000  Max: 31
Percentiles: P50: 3.50 P75: 7.50 P99: 31.00 P99.9: 31.00 P99.99: 31.00
------------------------------------------------------
[       0,       1 ]        3  23.077%  23.077% #####
(       1,       2 ]        2  15.385%  38.462% ###
(       2,       3 ]        1   7.692%  46.154% ##
(       3,       4 ]        1   7.692%  53.846% ##
(       4,       6 ]        2  15.385%  69.231% ###
(       6,      10 ]        2  15.385%  84.615% ###
(      15,      22 ]        1   7.692%  92.308% ##
(      22,      34 ]        1   7.692% 100.000% ##


** Compaction Stats [default] **
Level    Files   Size     Score Read(GB)  Rn(GB) Rnp1(GB) Write(GB) Wnew(GB) Moved(GB) W-Amp Rd(MB/s) Wr(MB/s) Comp(sec) Comp(cnt) Avg(sec) KeyIn KeyDrop
----------------------------------------------------------------------------------------------------------------------------------------------------------
  L0      2/0    1.47 KB   0.2      0.0     0.0      0.0       0.0      0.0       0.0   1.0      0.0      0.2         0         1    0.003       0      0
 Sum      2/0    1.47 KB   0.0      0.0     0.0      0.0       0.0      0.0       0.0   1.0      0.0      0.2         0         1    0.003       0      0
 Int      0/0    0.00 KB   0.0      0.0     0.0      0.0       0.0      0.0       0.0   0.0      0.0      0.0         0         0    0.000       0      0
Uptime(secs): 0.0 total, 0.0 interval
Flush(GB): cumulative 0.000, interval 0.000
AddFile(GB): cumulative 0.000, interval 0.000
AddFile(Total Files): cumulative 0, interval 0
AddFile(L0 Files): cumulative 0, interval 0
AddFile(Keys): cumulative 0, interval 0
Cumulative compaction: 0.00 GB write, 0.02 MB/s write, 0.00 GB read, 0.00 MB/s read, 0.0 seconds
Interval compaction: 0.00 GB write, 0.00 MB/s write, 0.00 GB read, 0.00 MB/s read, 0.0 seconds
Stalls(count): 0 level0_slowdown, 0 level0_slowdown_with_compaction, 0 level0_numfiles, 0 level0_numfiles_with_compaction, 0 stop for pending_compaction_bytes, 0 slowdown for pending_compaction_bytes, 0 memtable_compaction, 0 memtable_slowdown, interval 0 total count

** File Read Latency Histogram By Level [default] **
** Level 0 read latency histogram (micros):
Count: 10 Average: 7.8000  StdDev: 8.68
Min: 1  Median: 4.0000  Max: 31
Percentiles: P50: 4.00 P75: 9.00 P99: 31.00 P99.9: 31.00 P99.99: 31.00
------------------------------------------------------
[       0,       1 ]        2  20.000%  20.000% ####
(       1,       2 ]        1  10.000%  30.000% ##
(       2,       3 ]        1  10.000%  40.000% ##
(       3,       4 ]        1  10.000%  50.000% ##
(       4,       6 ]        1  10.000%  60.000% ##
(       6,      10 ]        2  20.000%  80.000% ####
(      10,      15 ]        1  10.000%  90.000% ##
(      22,      34 ]        1  10.000% 100.000% ##


** Compaction Stats [Configuration] **
Level    Files   Size     Score Read(GB)  Rn(GB) Rnp1(GB) Write(GB) Wnew(GB) Moved(GB) W-Amp Rd(MB/s) Wr(MB/s) Comp(sec) Comp(cnt) Avg(sec) KeyIn KeyDrop
----------------------------------------------------------------------------------------------------------------------------------------------------------
  L0      2/0    1.61 KB   0.2      0.0     0.0      0.0       0.0      0.0       0.0   1.0      0.0      0.1         0         1    0.010       0      0
 Sum      2/0    1.61 KB   0.0      0.0     0.0      0.0       0.0      0.0       0.0   1.0      0.0      0.1         0         1    0.010       0      0
 Int      0/0    0.00 KB   0.0      0.0     0.0      0.0       0.0      0.0       0.0   0.0      0.0      0.0         0         0    0.000       0      0
Uptime(secs): 0.0 total, 0.0 interval
Flush(GB): cumulative 0.000, interval 0.000
AddFile(GB): cumulative 0.000, interval 0.000
AddFile(Total Files): cumulative 0, interval 0
AddFile(L0 Files): cumulative 0, interval 0
AddFile(Keys): cumulative 0, interval 0
Cumulative compaction: 0.00 GB write, 0.02 MB/s write, 0.00 GB read, 0.00 MB/s read, 0.0 seconds
Interval compaction: 0.00 GB write, 0.00 MB/s write, 0.00 GB read, 0.00 MB/s read, 0.0 seconds
Stalls(count): 0 level0_slowdown, 0 level0_slowdown_with_compaction, 0 level0_numfiles, 0 level0_numfiles_with_compaction, 0 stop for pending_compaction_bytes, 0 slowdown for pending_compaction_bytes, 0 memtable_compaction, 0 memtable_slowdown, interval 0 total count

** File Read Latency Histogram By Level [Configuration] **
** Level 0 read latency histogram (micros):
Count: 13 Average: 6.9231  StdDev: 8.18
Min: 1  Median: 3.5000  Max: 31
Percentiles: P50: 3.50 P75: 7.50 P99: 31.00 P99.9: 31.00 P99.99: 31.00
------------------------------------------------------
[       0,       1 ]        3  23.077%  23.077% #####
(       1,       2 ]        2  15.385%  38.462% ###
(       2,       3 ]        1   7.692%  46.154% ##
(       3,       4 ]        1   7.692%  53.846% ##
(       4,       6 ]        2  15.385%  69.231% ###
(       6,      10 ]        2  15.385%  84.615% ###
(      15,      22 ]        1   7.692%  92.308% ##
(      22,      34 ]        1   7.692% 100.000% ##

2025/06/22-15:03:52.410484 13704 [WARN] [db\db_impl.cc:617] STATISTICS:
 rocksdb.block.cache.miss COUNT : 8
rocksdb.block.cache.hit COUNT : 3
rocksdb.block.cache.add COUNT : 8
rocksdb.block.cache.add.failures COUNT : 0
rocksdb.block.cache.index.miss COUNT : 3
rocksdb.block.cache.index.hit COUNT : 3
rocksdb.block.cache.index.add COUNT : 3
rocksdb.block.cache.index.bytes.insert COUNT : 306
rocksdb.block.cache.index.bytes.evict COUNT : 0
rocksdb.block.cache.filter.miss COUNT : 0
rocksdb.block.cache.filter.hit COUNT : 0
rocksdb.block.cache.filter.add COUNT : 0
rocksdb.block.cache.filter.bytes.insert COUNT : 0
rocksdb.block.cache.filter.bytes.evict COUNT : 0
rocksdb.block.cache.data.miss COUNT : 5
rocksdb.block.cache.data.hit COUNT : 0
rocksdb.block.cache.data.add COUNT : 5
rocksdb.block.cache.data.bytes.insert COUNT : 635
rocksdb.block.cache.bytes.read COUNT : 306
rocksdb.block.cache.bytes.write COUNT : 941
rocksdb.bloom.filter.useful COUNT : 0
rocksdb.bloom.filter.full.positive COUNT : 0
rocksdb.bloom.filter.full.true.positive COUNT : 0
rocksdb.persistent.cache.hit COUNT : 0
rocksdb.persistent.cache.miss COUNT : 0
rocksdb.sim.block.cache.hit COUNT : 0
rocksdb.sim.block.cache.miss COUNT : 0
rocksdb.memtable.hit COUNT : 0
rocksdb.memtable.miss COUNT : 0
rocksdb.l0.hit COUNT : 0
rocksdb.l1.hit COUNT : 0
rocksdb.l2andup.hit COUNT : 0
rocksdb.compaction.key.drop.new COUNT : 0
rocksdb.compaction.key.drop.obsolete COUNT : 0
rocksdb.compaction.key.drop.range_del COUNT : 0
rocksdb.compaction.key.drop.user COUNT : 0
rocksdb.compaction.range_del.drop.obsolete COUNT : 0
rocksdb.compaction.optimized.del.drop.obsolete COUNT : 0
rocksdb.compaction.cancelled COUNT : 0
rocksdb.number.keys.written COUNT : 0
rocksdb.number.keys.read COUNT : 0
rocksdb.number.keys.updated COUNT : 0
rocksdb.bytes.written COUNT : 0
rocksdb.bytes.read COUNT : 0
rocksdb.number.db.seek COUNT : 2
rocksdb.number.db.next COUNT : 1
rocksdb.number.db.prev COUNT : 0
rocksdb.number.db.seek.found COUNT : 1
rocksdb.number.db.next.found COUNT : 0
rocksdb.number.db.prev.found COUNT : 0
rocksdb.db.iter.bytes.read COUNT : 26
rocksdb.no.file.closes COUNT : 0
rocksdb.no.file.opens COUNT : 4
rocksdb.no.file.errors COUNT : 0
rocksdb.l0.slowdown.micros COUNT : 0
rocksdb.memtable.compaction.micros COUNT : 0
rocksdb.l0.num.files.stall.micros COUNT : 0
rocksdb.stall.micros COUNT : 0
rocksdb.db.mutex.wait.micros COUNT : 0
rocksdb.rate.limit.delay.millis COUNT : 0
rocksdb.num.iterators COUNT : 0
rocksdb.number.multiget.get COUNT : 0
rocksdb.number.multiget.keys.read COUNT : 0
rocksdb.number.multiget.bytes.read COUNT : 0
rocksdb.number.deletes.filtered COUNT : 0
rocksdb.number.merge.failures COUNT : 0
rocksdb.bloom.filter.prefix.checked COUNT : 0
rocksdb.bloom.filter.prefix.useful COUNT : 0
rocksdb.number.reseeks.iteration COUNT : 0
rocksdb.getupdatessince.calls COUNT : 0
rocksdb.block.cachecompressed.miss COUNT : 0
rocksdb.block.cachecompressed.hit COUNT : 0
rocksdb.block.cachecompressed.add COUNT : 0
rocksdb.block.cachecompressed.add.failures COUNT : 0
rocksdb.wal.synced COUNT : 0
rocksdb.wal.bytes COUNT : 0
rocksdb.write.self COUNT : 0
rocksdb.write.other COUNT : 0
rocksdb.write.timeout COUNT : 0
rocksdb.write.wal COUNT : 0
rocksdb.compact.read.bytes COUNT : 0
rocksdb.compact.write.bytes COUNT : 1562
rocksdb.flush.write.bytes COUNT : 0
rocksdb.number.direct.load.table.properties COUNT : 0
rocksdb.number.superversion_acquires COUNT : 2
rocksdb.number.superversion_releases COUNT : 0
rocksdb.number.superversion_cleanups COUNT : 0
rocksdb.number.block.compressed COUNT : 1
rocksdb.number.block.decompressed COUNT : 1
rocksdb.number.block.not_compressed COUNT : 0
rocksdb.merge.operation.time.nanos COUNT : 0
rocksdb.filter.operation.time.nanos COUNT : 0
rocksdb.row.cache.hit COUNT : 0
rocksdb.row.cache.miss COUNT : 0
rocksdb.read.amp.estimate.useful.bytes COUNT : 0
rocksdb.read.amp.total.read.bytes COUNT : 0
rocksdb.number.rate_limiter.drains COUNT : 0
rocksdb.number.iter.skip COUNT : 2
rocksdb.blobdb.num.put COUNT : 0
rocksdb.blobdb.num.write COUNT : 0
rocksdb.blobdb.num.get COUNT : 0
rocksdb.blobdb.num.multiget COUNT : 0
rocksdb.blobdb.num.seek COUNT : 0
rocksdb.blobdb.num.next COUNT : 0
rocksdb.blobdb.num.prev COUNT : 0
rocksdb.blobdb.num.keys.written COUNT : 0
rocksdb.blobdb.num.keys.read COUNT : 0
rocksdb.blobdb.bytes.written COUNT : 0
rocksdb.blobdb.bytes.read COUNT : 0
rocksdb.blobdb.write.inlined COUNT : 0
rocksdb.blobdb.write.inlined.ttl COUNT : 0
rocksdb.blobdb.write.blob COUNT : 0
rocksdb.blobdb.write.blob.ttl COUNT : 0
rocksdb.blobdb.blob.file.bytes.written COUNT : 0
rocksdb.blobdb.blob.file.bytes.read COUNT : 0
rocksdb.blobdb.blob.file.synced COUNT : 0
rocksdb.blobdb.blob.index.expired.count COUNT : 0
rocksdb.blobdb.blob.index.expired.size COUNT : 0
rocksdb.blobdb.blob.index.evicted.count COUNT : 0
rocksdb.blobdb.blob.index.evicted.size COUNT : 0
rocksdb.blobdb.gc.num.files COUNT : 0
rocksdb.blobdb.gc.num.new.files COUNT : 0
rocksdb.blobdb.gc.failures COUNT : 0
rocksdb.blobdb.gc.num.keys.overwritten COUNT : 0
rocksdb.blobdb.gc.num.keys.expired COUNT : 0
rocksdb.blobdb.gc.num.keys.relocated COUNT : 0
rocksdb.blobdb.gc.bytes.overwritten COUNT : 0
rocksdb.blobdb.gc.bytes.expired COUNT : 0
rocksdb.blobdb.gc.bytes.relocated COUNT : 0
rocksdb.blobdb.fifo.num.files.evicted COUNT : 0
rocksdb.blobdb.fifo.num.keys.evicted COUNT : 0
rocksdb.blobdb.fifo.bytes.evicted COUNT : 0
rocksdb.txn.overhead.mutex.prepare COUNT : 0
rocksdb.txn.overhead.mutex.old.commit.map COUNT : 0
rocksdb.txn.overhead.duplicate.key COUNT : 0
rocksdb.txn.overhead.mutex.snapshot COUNT : 0
rocksdb.number.multiget.keys.found COUNT : 0
rocksdb.num.iterator.created COUNT : 2
rocksdb.num.iterator.deleted COUNT : 2
rocksdb.db.get.micros P50 : 0.000000 P95 : 0.000000 P99 : 0.000000 P100 : 0.000000 COUNT : 0 SUM : 0
rocksdb.db.write.micros P50 : 0.000000 P95 : 0.000000 P99 : 0.000000 P100 : 0.000000 COUNT : 0 SUM : 0
rocksdb.compaction.times.micros P50 : 0.000000 P95 : 0.000000 P99 : 0.000000 P100 : 0.000000 COUNT : 0 SUM : 0
rocksdb.subcompaction.setup.times.micros P50 : 0.000000 P95 : 0.000000 P99 : 0.000000 P100 : 0.000000 COUNT : 0 SUM : 0
rocksdb.table.sync.micros P50 : 580.000000 P95 : 1195.000000 P99 : 1195.000000 P100 : 1195.000000 COUNT : 2 SUM : 1734
rocksdb.compaction.outfile.sync.micros P50 : 0.000000 P95 : 0.000000 P99 : 0.000000 P100 : 0.000000 COUNT : 0 SUM : 0
rocksdb.wal.file.sync.micros P50 : 0.000000 P95 : 0.000000 P99 : 0.000000 P100 : 0.000000 COUNT : 0 SUM : 0
rocksdb.manifest.file.sync.micros P50 : 529.000000 P95 : 564.000000 P99 : 564.000000 P100 : 564.000000 COUNT : 2 SUM : 1093
